17
121
[ [
 100000  
 557618  
 3109383  
 17338496  
 96682657  
 539120348  
 3006234595  
 16763319130  
 93475362410  
 521235878800  
 2906507494000  
 16207222400000  
 90374464380000  
 503944698900000  
 2810088682000000  
 15669573310000000  
 87376433790000000  
 487227126800000000  
 2716868414000000000  
 15149759880000000000  
 84477858130000000000  
 471064133700000000000  
 2626740580000000000000  
 14647190440000000000000  
 81675438150000000000000  
 455437322500000000000000  
 2539602596000000000000000  
 14161292950000000000000000  
 78965984030000000000000000  
 440328906100000000000000000  
 2455355277000000000000000000  
 13691514350000000000000000000  
 76346411830000000000000000000  
 425721687900000000000000000000  
 2373902731000000000000000000000  
 13237319910000000000000000000000  
 73813739770000000000000000000000  
 411599040900000000000000000000000  
 2295152244000000000000000000000000  
 12798192660000000000000000000000000  
 71365085150000000000000000000000000  
 397944890600000000000000000000000000  
 2219014181000000000000000000000000000  
 12373632760000000000000000000000000000  
 68997660760000000000000000000000000000  
 384743695200000000000000000000000000000  
 2145401878000000000000000000000000000000  
 11963156970000000000000000000000000000000  
 66708771970000000000000000000000000000000  
 371980428700000000000000000000000000000000  
 2074231548000000000000000000000000000000000  
 11566298070000000000000000000000000000000000  
 64495813480000000000000000000000000000000000  
 359640563600000000000000000000000000000000000  
 2005422182000000000000000000000000000000000000  
 11182604340000000000000000000000000000000000000  
 62356266400000000000000000000000000000000000000  
 347710054000000000000000000000000000000000000000  
 1938895457000000000000000000000000000000000000000  
 10811639040000000000000000000000000000000000000000  
 60287695400000000000000000000000000000000000000000  
 336175320200000000000000000000000000000000000000000  
 1874575652000000000000000000000000000000000000000000  
 10452979930000000000000000000000000000000000000000000  
 58287745980000000000000000000000000000000000000000000  
 325023233000000000000000000000000000000000000000000000  
 1812389555000000000000000000000000000000000000000000000  
 10106218770000000000000000000000000000000000000000000000  
 56354141730000000000000000000000000000000000000000000000  
 314241098700000000000000000000000000000000000000000000000  
 1752266383000000000000000000000000000000000000000000000000  
 9770960866000000000000000000000000000000000000000000000000  
 54484681760000000000000000000000000000000000000000000000000  
 303816644800000000000000000000000000000000000000000000000000  
 1694137704000000000000000000000000000000000000000000000000000  
 9446824619000000000000000000000000000000000000000000000000000  
 52677238200000000000000000000000000000000000000000000000000000  
 293738005800000000000000000000000000000000000000000000000000000  
 1637937352000000000000000000000000000000000000000000000000000000  
 9133441081000000000000000000000000000000000000000000000000000000  
 50929753740000000000000000000000000000000000000000000000000000000  
 283993709800000000000000000000000000000000000000000000000000000000  
 1583601358000000000000000000000000000000000000000000000000000000000  
 8830453546000000000000000000000000000000000000000000000000000000000  
 49240239300000000000000000000000000000000000000000000000000000000000  
 274572665400000000000000000000000000000000000000000000000000000000000  
 1531067876000000000000000000000000000000000000000000000000000000000000  
 8537517152000000000000000000000000000000000000000000000000000000000000  
 47606771890000000000000000000000000000000000000000000000000000000000000  
 265464149500000000000000000000000000000000000000000000000000000000000000  
 1480277109000000000000000000000000000000000000000000000000000000000000000  
 8254298457000000000000000000000000000000000000000000000000000000000000000  
 46027492150000000000000000000000000000000000000000000000000000000000000000  
 256657794100000000000000000000000000000000000000000000000000000000000000000  
 1431171246000000000000000000000000000000000000000000000000000000000000000000  
 7980475099000000000000000000000000000000000000000000000000000000000000000000  
 44500602560000000000000000000000000000000000000000000000000000000000000000000  
 248143575800000000000000000000000000000000000000000000000000000000000000000000  
 1383694392000000000000000000000000000000000000000000000000000000000000000000000  
 7715735396000000000000000000000000000000000000000000000000000000000000000000000  
 43024365090000000000000000000000000000000000000000000000000000000000000000000000  
 239911803200000000000000000000000000000000000000000000000000000000000000000000000  
 1337792509000000000000000000000000000000000000000000000000000000000000000000000000  
 7459778021000000000000000000000000000000000000000000000000000000000000000000000000  
 41597099510000000000000000000000000000000000000000000000000000000000000000000000000  
 231953106800000000000000000000000000000000000000000000000000000000000000000000000000  
 1293413348000000000000000000000000000000000000000000000000000000000000000000000000000  
 7212311626000000000000000000000000000000000000000000000000000000000000000000000000000  
 40217181210000000000000000000000000000000000000000000000000000000000000000000000000000  
 224258427600000000000000000000000000000000000000000000000000000000000000000000000000000  
 1250506396000000000000000000000000000000000000000000000000000000000000000000000000000000  
 6973054540000000000000000000000000000000000000000000000000000000000000000000000000000000  
 38883039520000000000000000000000000000000000000000000000000000000000000000000000000000000  
 216819007200000000000000000000000000000000000000000000000000000000000000000000000000000000  
 1209022815000000000000000000000000000000000000000000000000000000000000000000000000000000000  
 6741734433000000000000000000000000000000000000000000000000000000000000000000000000000000000  
 37593155900000000000000000000000000000000000000000000000000000000000000000000000000000000000  
 209626378000000000000000000000000000000000000000000000000000000000000000000000000000000000000  
 1168915386000000000000000000000000000000000000000000000000000000000000000000000000000000000000  
 6518088005000000000000000000000000000000000000000000000000000000000000000000000000000000000000  
 36346062120000000000000000000000000000000000000000000000000000000000000000000000000000000000000  
 ] ]
