[[23199984147340072077100877459017656936448219567273597918425377084508446498270077218316962796544166478076210644017481772229557674431961688814711491654034029474118962639380850425232269199762616300021497775447794820142229798877842201601181840159825276243752663413198972626047666647920340517098566184558631196955580398330799685917432218224492521336427933230772008490806638716424218522959447026151615372176282584276379369283053957071813940683241853159230476612532542085039337567258716276 1 0 0 0 0 0 0 0 0 0 0 0 0 0 0 0 0 0 0 0 0 0 0 0 0 0 0 0 0 0 0 0 0 0 0 0 0 0 0 0]
[10074012778153586500440335256870233011283941519986578295678224902577029937479813355086380782574616250267888621313423729750739571138128669144272144686842515245008764781293461764321499454397125514856589357975095584008192709121413231640305134907239157240040577903040082991561055247355177736398582642394064925929255863605416682279083315877061028685113924265627596756672725318858219565663701924635628796413682405450535940299317809066887813245100058598529016423238831238371741722918731224 0 1 0 0 0 0 0 0 0 0 0 0 0 0 0 0 0 0 0 0 0 0 0 0 0 0 0 0 0 0 0 0 0 0 0 0 0 0 0 0]
[35606254779917650957135783739538728954239532213899378264310628818696140537906245296808619754589472510633741811193673051019199249539182407351454251030157656173882068670715190730558868433562694487908304674247698404932401394724190984682871893462006685772689649620102489746836618805950362464324487091152724121265403407954785909843273741612815971667732841676507467356426166323961787137821628973269530004545873305222887675314053946967113541071484988227565194795621301414889158031606930511 0 0 1 0 0 0 0 0 0 0 0 0 0 0 0 0 0 0 0 0 0 0 0 0 0 0 0 0 0 0 0 0 0 0 0 0 0 0 0 0]
[29795970584058296736883341355859466854952960024187223721293550270802599766750761434156551605079225825752239715010814806563455188809509815749039015305018347345656091408156339961902642873133145048846661528327981452624239793368314181791471682988730708196149037713362918241311513395345904122539437535452173236661141001518232493820284120699664154605614354044104273807763276740631236200339956744951919328636896823821759566552038431352280542851265290758646090444169679157897506171608916293 0 0 0 1 0 0 0 0 0 0 0 0 0 0 0 0 0 0 0 0 0 0 0 0 0 0 0 0 0 0 0 0 0 0 0 0 0 0 0 0]
[38919245973753977448013389942828411435584866536980625577684504806977201558625357172781194703968906782553261854715092230152292887149090082553057990579824337347723454008558745603117822333514441605946244573466484452216407090886920271642483947944804519812410507739738339987689318853934280231275398557390578216872574972669440594864788489272831617968772726973211962116578084002790444774092398585136618320656533527318357857360588200693083585863678717504404215129324333544884459289426903985 0 0 0 0 1 0 0 0 0 0 0 0 0 0 0 0 0 0 0 0 0 0 0 0 0 0 0 0 0 0 0 0 0 0 0 0 0 0 0 0]
[24006138280101746158935795758259493218636489540424630778507490650400941453753616082560678501791507513728514791160878019316806339781769813534886009890269699681928017377540448257160472325481254093922222680017098498087203734474388261924648498278469983591240118454526897561205104202181736822779308435720057894381929186219500719285596475307396323967601204498715654789834941874925223939047858289941510052154153006543133554678548806071629138919504981551129735838902980068502729845066790993 0 0 0 0 0 1 0 0 0 0 0 0 0 0 0 0 0 0 0 0 0 0 0 0 0 0 0 0 0 0 0 0 0 0 0 0 0 0 0 0]
[44376359659654151371572959180618635983380017182153916946788000212968236239304999869150910611284484343632171779813681446556886051804904015728851970975462624218570712865941506116289295724836578307542261059307450762678556840228373049527162628650562695656400721210633733843086267840297028852238145802680115365585873574099867095337523526107559072478779481526049727470029523107180335194107688652003350587078373836769469222634830694717939662627175972295725140819572505545167642415971864684 0 0 0 0 0 0 1 0 0 0 0 0 0 0 0 0 0 0 0 0 0 0 0 0 0 0 0 0 0 0 0 0 0 0 0 0 0 0 0 0]
[27607489677085759569826337306198512819729228067315064706783613383902883532643199019214785041092344943421641089901166435881792053610938067616813475407134114760750501091288860214862822867901946845575395884856722555883868158805879395184958011497948438696887838168087860706609687942285098964935599276961015244781375734422673374553409842543000210991503974597468163578239764453054417977003118661709667644351435143219843736941633006700815545131704128279385317190310122503734835668395587205 0 0 0 0 0 0 0 1 0 0 0 0 0 0 0 0 0 0 0 0 0 0 0 0 0 0 0 0 0 0 0 0 0 0 0 0 0 0 0 0]
[18263912244673674782566043906333266101188923904402674719899467569358771208387400859860796146110543611316862260068814200938115195558303026406638571024272618332419068882264472067313120159069112112192755666246116321932920812073422783043314126386224221193048198678235748903430478496032474261818978354442794192712118330260130065145359145752260004619062111291847433091054375771071036135664552228436703494266790532363651011045325651840084039761197712307224785352541050776613418701187620767 0 0 0 0 0 0 0 0 1 0 0 0 0 0 0 0 0 0 0 0 0 0 0 0 0 0 0 0 0 0 0 0 0 0 0 0 0 0 0 0]
[12840068716918491408153699663636407061653235062244453026907545015969033425449125948707063680103455146793450139273932203498750035043430391772274744700981353576336833630777948396056646488758461222595745316136759141742286777832273054013436054232071286971379242447996475740641376543762584347687747886977185265891921965834718386794606449669544037907001198336580550308351675057878127142620487403015149138781057960610524384799326467419842680581661006404394410770780414252068043256572659190 0 0 0 0 0 0 0 0 0 1 0 0 0 0 0 0 0 0 0 0 0 0 0 0 0 0 0 0 0 0 0 0 0 0 0 0 0 0 0 0]
[31583918092304109490496453663311898902060480817589168108459502629848524497025025743866995170697042521247768229508496492441508884961400948984259600626930428434160414789264786468203747699174391861706408822358767214120974324839767224443209255691965314050409609220039643061695309667411868127388490121609085172449295114354938318631844111459327661148626743672217293587749907255188410489194800991940595261370133733938196113886023064402598201236744616419576190302307053378491238096532109319 0 0 0 0 0 0 0 0 0 0 1 0 0 0 0 0 0 0 0 0 0 0 0 0 0 0 0 0 0 0 0 0 0 0 0 0 0 0 0 0]
[28665677346654643083857835503291605980379659336920801508400146940473644967462693283140861728207288413891940610168206628205705076444002043262552942755031369801968065688884289754232570967426716248770436133276875021813155340829125169632695098129336970488418316449872063748338671390787231193713313624396285463093960488148089141573783543928223193010112436289163827226773180668388781827900731792507357078982652960124682172519480116957090190350564481584779689144145038940607765406938909012 0 0 0 0 0 0 0 0 0 0 0 1 0 0 0 0 0 0 0 0 0 0 0 0 0 0 0 0 0 0 0 0 0 0 0 0 0 0 0 0]
[31446706026364633213637240282943207771172308114153186563283624270877698753151724250549194057632208513374231024430207550482402765769287981882752814607999900701663533744777194906797953666722212373154241218266988015530782926008634312073271788021153242558689931960625137975595092641411407987415357306001606309461595219185579665872327546732885914579624818042988325238199700283611960451037573297883006854858564605647264436085665918912512531577298594217075195250377546129438650493756910770 0 0 0 0 0 0 0 0 0 0 0 0 1 0 0 0 0 0 0 0 0 0 0 0 0 0 0 0 0 0 0 0 0 0 0 0 0 0 0 0]
[28661364967937889333904033202598796194590515266967733409539224846311574569890783911525302480157749109977933970517308876518636712759669805430193714806198109761524940790585691007083554003032628457230783024688616091591029615601540759539437646119007669218120451444719748151282556260257083223713509503776912668355307602137007838479391534462104521334511729234027812577602328396948951764814099357872019265625084346660368414030540664878586068138161146766279474023986855245585973053974586812 0 0 0 0 0 0 0 0 0 0 0 0 0 1 0 0 0 0 0 0 0 0 0 0 0 0 0 0 0 0 0 0 0 0 0 0 0 0 0 0]
[37235640951729272433511382685942351702752811218972527044440094756569802814538303645268943518831638413742298963292490709748902884891792958371880422530291587138377789913660882971916594925431732391040771654829418191556321148227093811698893166801470876038564977442421315707430842205442974473653571173158668806062223909090079462731236261232033629731170471063539442690880733510130734829406672144389328671177311065660412487478041563734688489600262725009615210747270354446299197071723179227 0 0 0 0 0 0 0 0 0 0 0 0 0 0 1 0 0 0 0 0 0 0 0 0 0 0 0 0 0 0 0 0 0 0 0 0 0 0 0 0]
[10381369762807587986368755108421001728418149060353124414326682873574151573843255671126529053881631011917255098801287238422590536608756901801727113051949302290872831836145131429488430073279361393472200326140180131653753623583294172689342698387727885672948690373920371369612356313655526028172204972038478542586969038310180084739126846088968321944737266528038558587097742569637383436939689337563154832887333507117327170935063233979859793304631044921619607571329029767765447413875934348 0 0 0 0 0 0 0 0 0 0 0 0 0 0 0 1 0 0 0 0 0 0 0 0 0 0 0 0 0 0 0 0 0 0 0 0 0 0 0 0]
[34213114166043424884076686863970192535607099324348726394210419740760145505167976082160267127720374615620074124965299384368612062539986993617254049402732675657589112739798605560731195241007777597189488933493455297498819991468889753763230831092730348356207901291381406086127861135951120322992433371185563283340980033430846216567931513273669430993768784379389552638156284066326273599773405267704961987821728822864288171379999482071027588059593133287274974533960544567454619642206862514 0 0 0 0 0 0 0 0 0 0 0 0 0 0 0 0 1 0 0 0 0 0 0 0 0 0 0 0 0 0 0 0 0 0 0 0 0 0 0 0]
[24730982141178086563048184371545423876256081410444755966578118563873176821753848854823280885698834503575560112324058469989293394604256509805276346985002433484326938210925547813808504970275778596487458636949620612054433156575805827599771363597001204485692003509992758870582829770046545282315979636762588031492258781509774588299118909939772931053502462833734196215480165135009873586297028703617977147228740915123510636689016531453782596543312672483348833472461043477423347918921503273 0 0 0 0 0 0 0 0 0 0 0 0 0 0 0 0 0 1 0 0 0 0 0 0 0 0 0 0 0 0 0 0 0 0 0 0 0 0 0 0]
[40844583017008573592442183396579183385651401244222814744078649260832366548349350078038856000832683573252274622792020983202624132131537857575132607777341917446660364948869552380791681063531554728733500817604925769975684554912557553848131542330720831141928845670750162972221472284459861090548074790268117735067676123357774934358455525916551961592275142207574083460641723147190824584396208127235988310517418690881408816412072483191307433327454849825117812807041497299792418691980568944 0 0 0 0 0 0 0 0 0 0 0 0 0 0 0 0 0 0 1 0 0 0 0 0 0 0 0 0 0 0 0 0 0 0 0 0 0 0 0 0]
[13185343619932114052907979427027569291738493095809087487853216922296625440017878445924247274482183982321012723257054412144946970076421123946657035733664825585090791745339021000357060115218717650070880084646947158971485958445523461542475114472368316195427092980872630068594757633868041213730106424551544700315823656002260631748083360849554045725635658507239167378662209200786689117778043925109610931472822883130045169047746190383208413788401252133571336849484536065471482966079394537 0 0 0 0 0 0 0 0 0 0 0 0 0 0 0 0 0 0 0 1 0 0 0 0 0 0 0 0 0 0 0 0 0 0 0 0 0 0 0 0]
[24005040710048431038476560879116075578912590972666884215468330958795386159686997558526631338389988803076977668153417833280212489157436893432880378100754663118679062782928841791821754933100300097051491493777962412909713051939295776702797001011032177576129479524860928074120494913229833536552198827214247599306358933721379727878458235814274468105949289726443863009146646619692223355265798828464476180748410305402986292694408755418213063253095687058200131831691047792983959659007763856 0 0 0 0 0 0 0 0 0 0 0 0 0 0 0 0 0 0 0 0 1 0 0 0 0 0 0 0 0 0 0 0 0 0 0 0 0 0 0 0]
[29701204728755351594403058290158025771708395918908275642747410906039047948002464560234362100001228464549164866859658887077115994147258999962093693744513094158667674958305218449147548151097755165962519234315436421055934963819029663329477122704342640877137939078341472317133971040852571923089713334501112843073500944257642555058347410361912929831978099959801359579021645600992716904729177861933684161375051126593247498157321636476229568277980313693438404802908808740211734348253414820 0 0 0 0 0 0 0 0 0 0 0 0 0 0 0 0 0 0 0 0 0 1 0 0 0 0 0 0 0 0 0 0 0 0 0 0 0 0 0 0]
[2955786294487905958010994655293341378692317484567030987514529818290944310432649774334220237498390648628702599684938264966715170083005935771980759027220352546542099245644795295142458517449713383365833719453409282877725313529733659792768517211074935247084275299267899188161756705450120821883777388573945678698115038048682439976352727711213477797934895154146343656963668597530834558702847191151860954740252758055571772999821011196454202212207831255531541752786407344286678219902876983 0 0 0 0 0 0 0 0 0 0 0 0 0 0 0 0 0 0 0 0 0 0 1 0 0 0 0 0 0 0 0 0 0 0 0 0 0 0 0 0]
[22866026337146898114887921245388618207061226383575191653038255244647237699981765460549270020445739396982581375707278733037448118245560170191660385702324696953170169856876785940953687889406329547813081758047728481918232532335833400259521135649056142751813400047651427773801941890373106779206095397562908352864681618603624914442015667306100033360338124532357572260875384586666491579684654948721425471796334235634588019223624903062161869034611493183189822565827321880253064776292133266 0 0 0 0 0 0 0 0 0 0 0 0 0 0 0 0 0 0 0 0 0 0 0 1 0 0 0 0 0 0 0 0 0 0 0 0 0 0 0 0]
[22631175823782432997063203548335103322888004256261125299386463543479666215565086537745164084562889825286498085287919897760010555527817701812138047019530670081380777302632615529150406269467787861750573110024289616854982116403676002760424261113434556818157667155696944775576637648439189136227269052133160260985731915226525539775226987887733521405158391473624824630353686216845188650882940564540459499069871270412074772994846828628105211088733157855708051033996086481969493837544641007 0 0 0 0 0 0 0 0 0 0 0 0 0 0 0 0 0 0 0 0 0 0 0 0 1 0 0 0 0 0 0 0 0 0 0 0 0 0 0 0]
[29389209977880716595434175431997516187264541641388721174246726649085168406328506831561162574130075251271816978196758447073368432908085705573324697684838368271580700434126927171410690919926394110871689980410964791159923083632646236038377006528223443467817282955872218692879291587700194010889552332659958778182849136514931827448877353995551172693789735682241424187935444897325466478244259196610433453157259607462555172133032860277263463243271449780197238692488226119679187977960411282 0 0 0 0 0 0 0 0 0 0 0 0 0 0 0 0 0 0 0 0 0 0 0 0 0 1 0 0 0 0 0 0 0 0 0 0 0 0 0 0]
[18174486461382814048196036596999014367027096315452898080146799142827440592678457472284615038861226944467237782393477557694218341623949679569587001880771831098459681001876721194792258711388514406303864556211160733474121859509644716285097205811073650288385399748561135258570945704071977735495196698830955813787377683422366209359573971574055813109023462346769062561725908177980839012091200326566398408772895352189642536584300718567175399254447763634652196399544660580093467710959859902 0 0 0 0 0 0 0 0 0 0 0 0 0 0 0 0 0 0 0 0 0 0 0 0 0 0 1 0 0 0 0 0 0 0 0 0 0 0 0 0]
[16676068913340254502515691926850260274783604817460058908001673722110205279300681812043468677522206145928336914357959541584150522101207919851586142042930400229266762318981602246634790457572486797301985843947579575290288746791422782895076528284346228654651986339006017912199240561411407458552895576518389344908022829317914017553300793171003831971390806557201788000027647967463619708757550297357141951815475653668654810994887166774294032643484483593962222432938273491334631930399982710 0 0 0 0 0 0 0 0 0 0 0 0 0 0 0 0 0 0 0 0 0 0 0 0 0 0 0 1 0 0 0 0 0 0 0 0 0 0 0 0]
[30450448497733219495882648328254562758035460526316797293724076873827765684143184569771545808142852238603925266064310755698032527431546958705003813538397298440218770888278449791812605237221829896011879008894623200654737693878412948738793573035986215218469860340542153244003064704982139011416146587457734496767623991973274735086274306327982799137695659905497698360373793895758803656387373122374356524286432633610286360945247427983818710361190528798794315380476670342886433093155890619 0 0 0 0 0 0 0 0 0 0 0 0 0 0 0 0 0 0 0 0 0 0 0 0 0 0 0 0 1 0 0 0 0 0 0 0 0 0 0 0]
[15971002810408234069316802292197081206138657532426656579411985774487369685477987162562440401437908972908881483273108209408923730388134351895674260735799108766461312459444728316271082009376093540156749669663909523241197481765723256534069460770858398177017735480337141829479676843186373521197019708981884438145826421557562135161638080418465901139350878024485344379407105776100581459657825116413390725798851637280757284192317767067666733949197612899860539860107489623607226679137774703 0 0 0 0 0 0 0 0 0 0 0 0 0 0 0 0 0 0 0 0 0 0 0 0 0 0 0 0 0 1 0 0 0 0 0 0 0 0 0 0]
[27355978617079135352133022502012974693764476937624210534142269375268449669637859581455016711724756630999532644294073198315608920885540440297746715012547149244838466240770453630283899568370201777528900919339735611297530551947877864125139986564958555316840413731158312914520294739003111132490398960139630897147797357099241876572153073223670975718847847535965114913161646238399060939759659011189072775234031778320237362109602409033004902893750273195213456346151487018745304166033120677 0 0 0 0 0 0 0 0 0 0 0 0 0 0 0 0 0 0 0 0 0 0 0 0 0 0 0 0 0 0 1 0 0 0 0 0 0 0 0 0]
[7714532614795243288528881115394867432737549323243420783606957712917010163934635887554283040268071487966265423013602927737274375256210278252694176770898596609557844402257682478665118701784331074409067302431324170626697914412176287016222070858247158059219608168500932240244124112444067870108416121767133190573069616563934720221265724742882768648020871364371791118661564275528236299002030978846375521164475166765532366142861850025830015946268970611220238796563744173002338747181194310 0 0 0 0 0 0 0 0 0 0 0 0 0 0 0 0 0 0 0 0 0 0 0 0 0 0 0 0 0 0 0 1 0 0 0 0 0 0 0 0]
[33406634523082098252279012228843624841300055117381271713016529474173085156288434942524472809870116522031882947352114215717375598381298163177266095419808520118900296520374592698037700959628845166991667310020919665787110531251272229362252586510683899511176107286959453396047639328436841316237557862660794887855424253793717446246113506941054007101717746881660543012830274126197086110130616294261072582605031623725443084349696290542148011663386720829722609352491582049345837171450368425 0 0 0 0 0 0 0 0 0 0 0 0 0 0 0 0 0 0 0 0 0 0 0 0 0 0 0 0 0 0 0 0 1 0 0 0 0 0 0 0]
[1069534088955578143273480352924888582528931414133456010972563088481570997955357507388758670913939632626778941459114766385358542668919547729057397932443734075769934096160839494454998738242451456221180307547752553164210928704062538397983064703968660269123798109900008758872974431633597901349279934667060723882947964750051346919159899841215092262469041485330443185443584630871029406935851862145234865524068173024996788107208352636624617762088830023463946057653947293468684242226034534 0 0 0 0 0 0 0 0 0 0 0 0 0 0 0 0 0 0 0 0 0 0 0 0 0 0 0 0 0 0 0 0 0 1 0 0 0 0 0 0]
[26078692780853722701941431697998970698904287726464483236341553309869783764298854439515806749680122148529986432664667054657067408436229645070323937214573071601408709512803184132279879367414622013898757379142646396017593296029217514457919033472313310230102995403105371316498008201912146149154496421050495496828124428728307782466872254930370385539831908802103732558608622794905082413507615912390226622028107393044117731635974072534054996384336713875832992287309040714865227848847904930 0 0 0 0 0 0 0 0 0 0 0 0 0 0 0 0 0 0 0 0 0 0 0 0 0 0 0 0 0 0 0 0 0 0 1 0 0 0 0 0]
[27500665700314402025831166657015933915052653750745346141193196796517812366822416012764776410121545899189469486644168539690709060222489376137156746220371440381240232979820562755631802940486843846480334849563702806339655527617310485123424586659204512960021091022927580230127802149998738675816566220015646034500524994971732466816821413419455795761349783893164140860450634240749770083092592068071365313616096018149639311484019901363627234068086367525711581917546575481470151160609408517 0 0 0 0 0 0 0 0 0 0 0 0 0 0 0 0 0 0 0 0 0 0 0 0 0 0 0 0 0 0 0 0 0 0 0 1 0 0 0 0]
[382515825617654521294729410135501223206933542606503203166358177043775837308349884362407360121372973512332468673720771013872722379365312961175682718733556581273330823309899550763534083932654388869850392699290029646248594011428711175438305237191299520615536703038868382190940133910380432333901959806393882508032347500472615020580392669997976439541526545846663395492016627759393787529052003398957199650491090672159736438161884493740534795123966358811637985098369309127178073030935797 0 0 0 0 0 0 0 0 0 0 0 0 0 0 0 0 0 0 0 0 0 0 0 0 0 0 0 0 0 0 0 0 0 0 0 0 1 0 0 0]
[17716601930956502977757421956209097109982591842539390653657010491664848497899075140080052526126513671634852089746959639050027609085690375654543844309403403568539160522386128971538049286681643095775034715349613066302511468411252475484927516672515071283786976195729565603118488519473815410076564169572326573064268428361548522978468186290692249111241591580801896081575605201139874398467180200710404024769673169854170967967647062550418049922110355833830306801525579021696671117525845257 0 0 0 0 0 0 0 0 0 0 0 0 0 0 0 0 0 0 0 0 0 0 0 0 0 0 0 0 0 0 0 0 0 0 0 0 0 1 0 0]
[5390854978920049644736347106880073285091558524812171109319964372671412335258083998264805863231697780105045963865200679351674088187567488522663076839689585204449024040998298591339041554691815532186024622657791072922736435889451570731381704134514710312001410761385199494975211883538953781736294000348406618348455542849300956073065096618691938275516535082849427848717517407887020176732355612488030030690166916038399404056934691271526338483748711972398234919775221061934444824798464106 0 0 0 0 0 0 0 0 0 0 0 0 0 0 0 0 0 0 0 0 0 0 0 0 0 0 0 0 0 0 0 0 0 0 0 0 0 0 1 0]
[41909337469599868035423318405901942509772880431550212880800957378130642127215889110827590625521556583179634284710414326651075838029688679477512671249974646462479314296165354125973070823875743432468528247251805534517728905955333758455554915553600426368562604033627798630952521295044223359234056743018308291259961033784566009993748709231979189722317701745776519192542856837337497258532711573319344716244137197983906551115419123023304807684412606707348507799578935635739772054452210877 0 0 0 0 0 0 0 0 0 0 0 0 0 0 0 0 0 0 0 0 0 0 0 0 0 0 0 0 0 0 0 0 0 0 0 0 0 0 0 1]]
